265520
211270
065770
079190
083450
095340
099520
060720
083470
052900
091340
036540
057500
036490
078890
192410
089890
049080
035460
151910
190510
033640
087730
051980
092600
012340
085670
093640
039560
068240
078600
213420
263800
079960
094170
032960
005290
066670
066900
134580
043360
131180
069540
171010
047440
038060
082800
058470
197210
131100
098120
127160
096640
149940
080420
101330
033200
161570
095500
059090
064520
029480
208710
038460
046310
177350
033560
121800
141000
090460
082920
093190
072950
123260
065570
082660
037460
054090
027580
091580
042600
046890
093920
178320
171090
081580
045300
043260
214310
067770
154040
192440
033790
159910
033170
048870
025320
056700
187270
243840
108320
222800
160980
099320
050890
115530
036170
123860
058220
052710
149950
143160
060570
040910
068940
052860
038880
101390
226350
114810
059100
119830
059120
023890
106080
140670
096610
061040
148250
117670
131400
255440
102120
121890
097780
101490
095910
060540
096630
039440
052020
058610
200710
088800
176440
045660
224110
089530
073570
109960
043580
214870
086520
073540
064090
036810
092870
101400
054340
096870
061970
138690
066970
073110
083310
037950
170920
097520
032790
033160
090740
143540
122640
080520
052420
241790
138080
080580
123010
082210
109080
122990
232140
155650
193250
115440
046970
153490
065680
240810
104830
101160
095270
097800
036200
086390
264450
069330
049520
084370
178780
179900
191410
060230
073490
215790
272290
041520
054210
115610
067010
094190
063760
091120
039030
096040
024810
037330
083640
049070
051370
064290
175140
058450
174880
049630
217190
033100
096690
090470
094970
089790
080220
041590
036930
155960
114570
050110
105330
032500
256940
224060
036690
183300
056360
121850
015710
052330
066310
043590
114120
219130
072520
123100
182690
095610
131970
089030
054450
091440
200230
051360
057880
052290
064760
131290
062860
084730
043200
047310
170790
049120
038950
106240
131760
091700
039230
094940
053610
032580
024850
031980
087600
161580
067310
166090
200470
054040
078350
066110
076610
048410
039010
092300
064240
050090
115160
238490
052220
046440
035600
036030
104200
060250
049470
184230
089230
079940
094480
063080
215000
072770
095660
153460
081970
139670
041140
225570
040160
222810
119860
064260
020180
045390
192080
194480
030350
263720
033130
042510
067730
060240
042500
067280
100030
087260
250060
213090
207760
201490
214180
035620
066980
064480
138580
032850
143240
123420
108860
053110
131090
056000
010280
127710
078860
139050
052460
124500
067160
053800
131370
085810
205500
052790
038680
050320
205100
208860
206400
069410
058630
053280
053980
049480
057680
052770
069080
112040
136540
089850
032620
067920
053350
065440
080010
047560
223310
033230
041020
071200
045510
101730
067000
043610
263860
051160
115450
111820
094360
078340
192250
115500
089150
093320
052400
094860
040350
038540
045340
079970
066410
150900
194510
263750
189690
195440
075130
023770
064800
041460
053300
030520
047080
070300
070590
046110
086960
054920
077280
220180
026180
060720
083470
091340
151910
190510
012340
085670
068240
078600
079960
032960
066670
066900
047440
131100
096640
080420
101330
033200
095500
208710
033560
090460
082920
082660
054090
027580
091580
042600
093920
081580
043260
067770
154040
192440
025320
056700
187270
243840
115530
052710
149950
101390
114810
059100
023890
106080
140670
131400
255440
097780
095910
096630
052020
058610
176440
043580
086520
054340
066970
073110
037950
097520
090740
052420
082210
155650
193250
065680
095270
069330
049520
178780
179900
191410
060230
272290
041520
054210
094190
091120
024810
037330
049070
051370
058450
049630
033100
094970
041590
155960
050110
105330
121850
114120
072520
052290
043200
047310
049120
106240
131760
091700
161580
054040
076610
092300
050090
265520
211270
130960
035760
065770
079190
083450
028150
052220
095340
099520
046440
035600
060720
083470
122450
052900
058400
036030
104200
060250
091340
036540
049470
184230
057500
036490
089230
040300
079940
078890
192410
094480
063080
089890
215000
049080
035460
151910
190510
036800
072770
095660
153460
033640
087730
081970
139670
051980
092600
041140
225570
040160
012340
085670
222810
119860
064260
093640
039560
068240
020180
045390
078600
192080
213420
194480
263800
079960
094170
032960
005290
030350
066670
263720
066900
134580
043360
033130
131180
042510
069540
171010
047440
067730
038060
082800
060240
058470
197210
131100
042500
098120
127160
067280
096640
149940
080420
100030
087260
101330
250060
033200
161570
095500
213090
207760
059090
201490
214180
035620
064520
029480
208710
038460
046310
177350
066980
064480
033560
121800
141000
090460
138580
082920
032850
093190
072950
143240
123260
065570
082660
037460
054090
027580
091580
042600
046890
093920
178320
123420
171090
081580
045300
043260
214310
036630
067770
108860
053110
154040
192440
033790
159910
033170
048870
025320
131090
056000
056700
187270
243840
108320
222800
160980
010280
099320
050890
066790
115530
036170
123860
058220
052710
149950
127710
143160
060570
040910
068940
052860
038880
101390
226350
078860
114810
139050
059100
052460
119830
124500
059120
023890
067160
053800
106080
131370
140670
096610
061040
148250
085810
117670
205500
052790
131400
255440
102120
038680
121890
097780
050320
101490
095910
060540
096630
039440
052020
058610
200710
088800
176440
045660
224110
089530
073570
109960
043580
214870
086520
073540
064090
036810
205100
092870
101400
054340
208860
206400
069410
096870
061970
138690
066970
073110
083310
037950
170920
058630
097520
032790
033160
090740
143540
053280
122640
080520
053980
052420
241790
138080
080580
049480
057680
123010
082210
109080
052770
122990
232140
155650
193250
115440
046970
153490
065680
240810
104830
101160
095270
069080
112040
136540
097800
036200
086390
089850
032620
264450
069330
049520
084370
178780
179900
191410
060230
067920
073490
215790
272290
053350
041520
054210
065440
115610
080010
047560
067010
223310
094190
063760
091120
039030
096040
024810
033230
037330
083640
049070
051370
064290
175140
115310
039290
041020
071200
058450
174880
049630
065530
045510
217190
033100
096690
090470
094970
089790
080220
041590
101730
067000
036930
043610
263860
155960
114570
051160
115450
111820
094360
050110
078340
192250
115500
089150
093320
105330
039420
032500
256940
052400
094860
224060
036690
183300
056360
121850
015710
052330
040350
066310
043590
114120
219130
072520
123100
182690
095610
131970
089030
038540
054450
091440
200230
051360
045340
057880
079970
066410
052290
033830
064760
131290
062860
084730
043200
150900
047310
170790
049120
038950
106240
131760
091700
194510
263750
189690
039230
094940
195440
053610
075130
023770
032580
024850
031980
087600
064800
161580
067310
166090
200470
039340
063570
041460
053300
025770
054040
030520
052600
047080
070300
070590
078350
046110
086960
054920
077280
066110
076610
220180
048410
026180
039010
092300
064240
050090
115160
238490
021320
044180
060370
066620
036190
091590
007680
025950
013120
002290
011370
035890
011560
017000
038870
054940
046940
016250
001840
078940
094820
026150
042940
024940
090730
024840
039240
026910
060480
053260
069140
020400
048470
004780
096350
140520
021040
021045
090410
100130
005160
060380
109860
023790
033310
006910
008470
100090
018310
009620
054540
073640
017480
014620
017510
087220
049830
138070
122800
037760
109610
007530
019210
012620
114190
192390
258610
065620
147830
023440
038010
024880
054410
101670
009730
023160
053620
044490
081150
119500
009520
093380
128660
013030
025550
099660
079170
053660
054620
023460
241520
225430
254120
264850
276920
277410
019550
232330
219580
227950
121440
223040
267320
242040
204620
042420
027830
262830
215580
077360
226440
230490
005990
021880
265480
215750
239340
014470
042370
094840
225590
263770
257730
277480
036710
054800
226340
021080
256630
256840
273060
217810
019590
067170
041190
072470
030530
078070
219960
221200
215090
039020
088390
225440
078020
035080
208140
019570
036420
003380
221950
226360
250930
258790
222390
232270
214150
016600
218710
226850
246690
038160
007330
270520
230240
261200
215100
218150
024660
235010
217500
240540
271740
023760
265920
219860
264290
279410
060560
205470
028080
084110
060310
068790
078150
048770
098460
051490
089140
126870
144960
008830
088130
104460
109740
090710
196490
101000
079810
105740
090360
141070
049950
251630
148140
083650
086670
100660
019770
084180
099440
013810
051170
136510
222080
083930
050860
019990
041440
103230
056190
080000
160600
007820
043340
044780
071670
083500
217820
259630
036560
101170
076080
036090
018000
195990
056080
095190
079950
158310
068330
079370
054950
126880
082270
044060
036890
043290
073010
058530
065130
108230
033540
054300
137400
101680
053590
123840
039610
086250
010240
032040
032860
151860
030190
036120
049720
089600
130580
168330
144510
127120
068930
187220
084650
141080
038390
038290
215200
133750
140410
080160
084990
142760
086040
037350
039310
035610
020710
001000
215600
225330
047920
185490
196170
072990
067630
230360
180400
039830
046120
010470
057030
067900
215380
206650
054930
123570
090850
092130
060150
216050
043910
040420
095700
204840
109820
094850
096240
217600
045970
029960
115180
083790
022100
034950
050540
045100
034810
037440
073190
043710
066910
263920
003800
194610
026040
052220
104200
063080
095660
041140
225570
064260
192080
194480
030350
263720
033130
060240
067280
207760
201490
035620
066980
123420
053110
056000
127710
131370
205500
052790
058630
057680
052770
069080
112040
047560
101730
067000
043610
078340
066410
194510
263750
023770
047080
265520
083450
095340
052900
036540
057500
036490
089890
049080
033640
087730
092600
093640
213420
094170
005290
171010
038060
082800
058470
197210
098120
127160
059090
064520
177350
141000
072950
123260
046890
171090
045300
214310
159910
033170
048870
108320
222800
160980
036170
123860
040910
052860
038880
119830
059120
096610
117670
102120
101490
039440
200710
089530
073570
036810
092870
101400
096870
061970
138690
083310
170920
033160
143540
122640
080520
241790
080580
123010
122990
232140
153490
240810
104830
101160
097800
036200
086390
084370
115610
063760
039030
064290
217190
090470
089790
080220
036930
114570
256940
224060
183300
066310
043590
219130
123100
182690
095610
131970
089030
054450
064760
131290
062860
039230
053610
032580
024850
031980
087600
067310
166090
200470
078350
238490
130960
035760
028150
122450
058400
040300
066790
033830
039340
198440
006050
075970
228340
006920
038500
079650
028040
222420
238090
074600
023410
003670
008800
130500
017680
032080
030270
098660
008290
065950
033340
065060
083550
047770
033290
011080
046440
035600
060250
049470
184230
094480
215000
072770
153460
081970
139670
040160
222810
045390
042510
100030
087260
250060
213090
214180
138580
032850
108860
131090
078860
067160
053800
085810
205100
208860
206400
069410
136540
089850
032620
067920
053350
065440
223310
041020
071200
263860
051160
115450
094360
192250
052400
094860
045340
079970
150900
189690
195440
041460
053300
030520
070300
086960
054920
077280
220180
035900
160550
046140
048550
048910
206560
060300
035480
046390
086980
253450
099830
025980
041510
173940
122870
036260
052190
058420
047820
182360
054780
034230
032800
068050
204630
052300
032280
003100
024800
024120
040610
024910
014200
090150
053270
212560
085910
073070
104040
108380
005710
099410
078590
113810
118990
122350
053700
263540
012860
122690
015750
080470
053060
234100
024830
067390
013310
123750
080440
028300
038110
067570
123040
265560
014940
065500
031510
215360
066590
011320
241690
088290
033600
101930
019540
054180
013720
071850
064820
046070
123410
130740
043370
221840
092460
024740
102210
170030
126640
134780
051500
037370
065150
219550
099220
051390
038530
019010
019660
065170
065560
032190
007720
131220
067990
033430
050120
039980
012700
093520
065650
032980
036620
250000
024950
038070
006730
063170
140070
091990
032680
032685
060590
013990
074430
069920
023430
031310
031330
054630
043220
031860
036180
066430
032940
014190
038620
142210
044960
108790
159580
033320
000440
016920
026260
060280
051780
215480
214450
043090
016670
056730
141020
051380
004590
039740
220630
024060
043650
007390
222040
003310
088910
267980
025870
092040
239610
009780
035810
018120
086060
004650
025880
027710
005670
023900
136480
222980
005860
002680
204990
189980
039860
137940
214680
039840
106520
228850
238120
085370
08537M
147760
041920
058110
043150
100120
065450
225190
053450
208370
043100
115480
099190
156100
048260
057540
056090
033110
181340
041830
119610
150840
078650
104540
049430
196450
046210
140860
002230
006140
149980
126700
065510
036030
089230
079940
119860
143240
053280
080010
111820
093320
045890
218410
032540
025440
071460
010170
263600
071280
038340
054220
111870
032750
263810
027040
189860
065710
236200
065350
036010
214430
042110
069510
032820
082850
037400
044340
203450
048430
017250
189300
234920
119850
018290
225650
105550
177830
037070
053160
237750
131390
066130
263800
043360
131180
161570
038460
093190
060570
068940
148250
121890
045660
224110
032790
067010
096040
096690
052330
051360
094940
066110
048410
058820
067290
114450
217730
053950
011040
014570
138610
031390
142280
078140
036480
054670
023910
067080
086450
131030
086900
078160
059210
206640
053030
064550
200780
009300
000250
018680
100700
049180
068270
068760
002800
012790
049960
096530
246720
001540
065660
196300
174900
041910
237690
182400
039200
018620
086890
048530
187420
052670
034940
072020
007370
085660
214370
041960
166480
102940
200130
191420
066700
222110
087010
220100
203690
241820
106190
042520
061250
200670
243070
145020
060310
058820
083660
045890
068790
130500
078150
036640
067290
024120
036670
114450
053290
024940
218410
040610
090730
178920
052260
032540
048770
024840
217730
039240
053950
011040
024910
198440
014570
098460
014200
026910
090150
053270
043650
006050
060480
078130
053260
187790
121600
039860
091970
051490
138610
212560
085910
092730
007390
073070
089140
137940
217270
031390
142280
069140
126870
060260
222040
144960
020400
008830
048470
004780
017650
078140
036480
025440
104040
108380
006580
005710
071460
120240
003310
065690
096350
140520
010170
054670
023910
021040
021045
067080
090410
263600
017680
100130
005160
075970
086450
099410
033500
088130
041930
060380
228340
104460
088910
109860
023790
025900
078590
203650
073190
214680
109740
090710
131030
196490
092070
101000
039840
079810
113810
106520
033310
105740
171120
228850
238120
090360
016170
071280
085370
08537M
016100
038340
147760
267980
141070
072870
041920
086900
078160
059210
058110
118990
006920
001810
049950
206640
053030
064550
065940
043150
014100
006910
008470
100120
251630
148140
200780
083650
086670
054220
065450
100090
122350
014970
018310
053700
009620
023600
111870
009300
225190
054540
073640
032750
000250
038500
017480
263810
089980
263540
079650
100660
012860
019770
043710
027040
018680
189860
122690
065710
014620
015750
080470
053060
017510
100700
234100
024830
053450
252500
049180
208370
068270
068760
066910
043100
036830
230980
050960
084180
236200
099440
115570
087220
028040
013810
039670
049830
025870
065350
002800
012790
138070
051170
122800
208640
222420
037760
136510
049960
222080
115480
096530
101240
092040
083930
036010
050860
246720
067390
227610
099190
214430
032080
013310
001540
065660
123750
196300
238090
174900
030960
019990
041440
217480
030270
042110
103230
112240
056190
080000
160600
263920
007820
109610
080440
069510
041910
098660
237690
050760
043340
003800
138360
035290
028300
239610
044780
071670
182400
038110
063440
083500
065160
067570
217820
048830
156100
009780
123040
259630
115960
007530
036560
265560
036000
045060
014940
065500
039200
031510
048260
057540
251370
019210
079000
114630
032820
215360
082850
037400
101170
194610
066590
018620
074600
012620
008370
008290
065950
114190
076080
196700
039790
044340
036090
192390
044480
018000
203450
011320
241690
048430
056090
195990
023410
056080
258610
033110
086890
102710
095190
088290
033600
181340
035810
134060
041830
079950
119610
158310
017250
189300
150840
048530
101930
068330
019540
049550
234920
022220
065620
187420
123330
147830
079370
054950
137950
026040
126880
033050
052670
023440
038010
082270
044060
034940
033340
072020
054180
208350
119850
065060
018290
018120
086060
036890
007370
085660
004650
013720
071850
214370
221980
043290
025880
073010
083550
064820
024880
042040
054410
089010
220260
046070
047770
080530
078650
104540
027050
101670
123410
049430
041960
009730
241710
069110
166480
102940
033290
126600
200130
225650
058530
045520
237880
065130
023160
053620
044490
191420
066700
196450
108230
105550
104480
081150
130740
046210
033540
177830
037070
140860
027710
054300
222110
060900
087010
043370
119500
009520
003670
005670
093380
023900
214270
220100
035200
203690
053160
241820
237750
131390
002230
137400
128660
006140
136480
149980
013030
126700
221840
106190
066130
222980
025550
017890
101680
021650
053590
037230
092460
099660
221610
042520
024740
005860
123840
007770
079170
002680
102210
008800
170030
204990
053660
011080
039610
126640
086250
061250
134780
097870
200670
065510
243070
145020
010240
189980
078130
017650
006580
025900
001810
014970
023600
045520
037230
053290
217270
203650
016170
072870
230980
050960
039670
208640
030960
035290
063440
036000
134060
033050
208350
214270
020180
067730
042500
064480
010280
139050
052460
124500
038680
050320
053980
049480
033230
045510
115500
089150
040350
038540
075130
064800
070590
046110
026180
130960
035760
028150
122450
058400
040300
036800
036630
066790
115310
039290
065530
039420
033830
039340
063570
025770
052600
036800
036630
115310
039290
065530
039420
063570
025770
052600
211270
065770
079190
099520
078890
192410
035460
051980
039560
134580
069540
149940
029480
046310
121800
065570
037460
178320
033790
099320
050890
058220
143160
226350
061040
060540
088800
109960
214870
073540
064090
138080
109080
115440
046970
264450
073490
215790
083640
175140
174880
032500
036690
056360
015710
091440
200230
057880
084730
170790
038950
039010
064240
115160
083660
036640
036670
178920
052260
187790
121600
091970
092730
060260
120240
065690
033500
041930
092070
171120
016100
065940
014100
089980
252500
036830
115570
101240
227610
217480
112240
050760
138360
065160
048830
115960
045060
251370
079000
114630
008370
196700
039790
044480
102710
049550
022220
123330
137950
221980
042040
089010
220260
080530
027050
241710
069110
126600
237880
104480
060900
035200
017890
021650
221610
007770
097870
900290
950110
900280
900070
054050
900100
217620
900260
018700
225530
900120
065420
900080
950130
900300
900180
073560
900110
950140
053050
900040
900090
900310
900250
950160
900270
