006360
013580
004200
002990
002995
013700
001260
000210
000215
047040
005960
005965
028100
011160
002410
001470
001880
010960
005980
034300
005450
039570
023960
013360
013367
002780
002787
002785
003070
003075
009410
009415
014790
004960
051600
097230
000720
000725
012630
002460
006840
138930
001040
001045
000590
016610
005830
139130
004840
078930
078935
175330
096760
105560
009440
001940
092230
030210
003550
003555
006260
229640
005940
005945
034310
036530
101060
025530
034730
03473K
096770
096775
001510
001515
012320
001290
192530
030610
024110
005720
005725
000320
000325
072710
084690
084695
003540
003547
003545
003090
000640
082640
241560
013570
000400
088980
138040
008560
000060
006800
006805
085620
107590
001270
001275
032830
016360
029780
000810
000815
000070
000075
007540
007860
058650
006880
001720
001725
055550
002790
002795
079440
033660
009970
000030
010050
016880
003470
003475
001200
003460
003465
000230
015860
006220
001630
100250
003690
044820
002020
002025
005740
005745
039490
010770
017810
005810
086790
000140
000145
071050
071055
123890
006200
024720
000240
034830
060980
008930
016450
004150
001750
001755
003480
180640
18064K
088350
000370
003530
003535
267250
001500
001450
241590
000540
000547
000545
119650
079550
100840
009160
077970
071970
012200
012205
092440
007460
015590
000490
006570
058730
002900
082740
042670
034020
210540
004380
004450
091090
145210
017550
112610
085310
017370
049800
074610
120030
009310
012600
010820
025890
017960
042700
011700
018880
267270
017800
010660
000850
008870
005750
004440
001520
001527
001529
001525
014580
007210
011390
005090
004980
004987
004989
004985
003410
003415
183190
010780
000910
047400
001560
000480
152330
010040
004090
002000
002005
003300
006390
095570
068400
079160
037560
012030
114090
003560
058850
035420
181710
034120
210980
037270
035250
011420
251270
005250
005257
023590
020120
019680
019685
016710
012510
002150
083370
083380
102260
030790
000150
000157
000155
032350
015540
204210
007120
155900
100220
018260
028050
068290
000180
002420
053210
035510
031440
002030
012750
140910
036570
070960
095720
000700
072130
214320
015020
084680
030000
002620
035000
035720
145270
058860
021240
031820
078000
140890
039130
172580
153360
159650
023350
053690
052690
130660
126560
094280
001460
001465
007700
093050
084870
000050
002070
001070
016090
001530
003610
011300
005800
009270
009275
102280
090370
005820
014990
003200
008500
000950
007980
020000
105630
093240
111110
000040
064960
003570
001380
123700
214330
000270
009320
042660
000430
002880
000300
015230
024900
001620
018500
016740
092200
204320
009680
005030
006660
010140
010145
023000
041650
075180
200880
021820
033530
075580
003620
005850
012280
002920
023800
023810
013870
010580
033250
004100
004105
001420
090080
010100
047810
012450
143210
064350
012330
010620
011210
009540
005380
005387
005389
005385
013520
010690
000120
009070
044450
001140
003490
003495
005880
004140
084670
004360
004365
020560
129260
089590
000650
028670
005430
009180
014130
002320
086280
011200
003280
027410
017940
001250
007070
001120
000680
004060
018670
001740
001745
011810
037710
005320
004270
006370
128820
026960
023530
071840
005360
028260
02826K
002810
013000
067830
005390
004170
031430
002700
004080
122900
101140
138250
009810
111770
010600
118000
008600
077500
139480
093230
000760
007110
226320
088790
012170
047050
123690
009240
069640
010420
005110
027390
005440
069960
011760
227840
057050
003010
008770
008775
081660
011150
011155
097950
097955
023150
005610
002140
003920
003925
004370
001680
001685
001790
001799
001795
001130
049770
280360
004990
00499K
005300
005305
002270
027740
033920
000890
005180
003960
008040
014710
006090
079660
145990
145995
003230
248170
004410
004415
136490
007310
271560
001800
006980
002600
264900
26490K
036580
000080
000087
003680
101530
145720
003160
025560
105840
029460
234080
001060
001067
001065
214390
009290
002720
006280
069620
003220
002210
170900
000020
017180
003850
003000
207940
001360
000520
005500
019170
019175
002250
003060
003520
002630
004720
033270
000220
000225
000227
000100
000105
102460
249420
003120
007570
007575
271980
185750
063160
011000
005690
002390
128940
009420
004310
016580
267290
117580
015350
004690
017390
015360
034590
071320
036460
015760
000990
000995
092220
034220
011070
066570
066575
010120
000660
000500
009450
009140
017040
017900
001210
004130
004135
008060
008110
006340
006345
001440
026890
006400
006405
009150
009155
005930
005935
005680
009470
011230
001820
007610
014910
014915
004490
029530
011930
004770
008700
007630
015260
103130
011690
007660
020760
020150
103590
033240
044380
007815
007810
00781K
192400
019180
004870
033180
019490
025540
004710
195870
267260
005870
109070
004540
004545
014160
012690
009580
009200
009770
002820
027970
002200
016590
002870
002310
006740
008250
011280
001020
002300
213500
025750
009460
155660
069730
008260
005490
002710
010130
002240
014280
014285
008350
008355
009190
012800
084010
069460
001230
016380
016385
008970
004890
002690
024090
001080
008420
026940
006110
021050
001430
003030
019440
001770
001780
000670
012160
025820
018470
058430
103140
071090
000970
104700
007280
002220
004560
004565
004020
133820
032560
005010
030200
032640
017670
006490
002380
001390
083420
025000
051900
051905
108670
108675
051910
051915
004250
004255
010060
010950
010955
002360
011790
006120
006125
024070
000860
002100
012610
007690
014530
001570
011780
011785
073240
025860
002350
002355
090350
090355
024890
006650
003830
004830
004835
008000
023450
007590
005190
282690
014820
014825
163560
007340
115390
004000
011170
002840
268280
134380
003650
001340
035150
002760
272550
003720
000390
008490
003080
004430
090430
090435
161000
078520
014440
014830
008730
005950
081000
025620
004910
001550
003780
010640
051630
006380
192820
005070
005420
144620
120110
120115
138490
015890
006890
003240
055490
214420
002960
161890
161390
003350
011500
014680
000880
00088K
000885
009830
009835
089470
006060
004800
093370
079980
069260
033780
003580
006040
030720
094800
096300
007160
002170
002450
004970
004920
011090
011330
194370
004700
900140
071950
134790
016800
099340
099350
152550
168490
079430
